8.769230769230769162e-01
8.142857142857142794e-01
8.393700787401574548e-01
8.623693379790940972e-01
9.071246819338422140e-01
8.885017421602786625e-01
8.439560439560439553e-01
8.093333333333332380e-01
8.395604395604395753e-01
8.669467787114846224e-01
8.446666666666666767e-01
8.681592039800994920e-01
8.419913419913420682e-01
8.428819444444444198e-01
8.464480874316939740e-01
8.146666666666666501e-01
8.594961240310077244e-01
8.114143920595533466e-01
7.890109890109888724e-01
7.556390977443608881e-01
8.682170542635658794e-01
8.431693989071037398e-01
9.010416666666666297e-01
8.220472440944881498e-01
9.065934065934065922e-01
8.464566929133858775e-01
8.637152777777776791e-01
8.666666666666666963e-01
8.037518037518037728e-01
8.486005089058523687e-01
8.700787401574803237e-01
8.994910941475826593e-01
8.168604651162790775e-01
8.217893217893217361e-01
8.730620155038759655e-01
8.409090909090909394e-01
8.700787401574803237e-01
7.744360902255639223e-01
8.727272727272726849e-01
8.966666666666666119e-01
8.109890109890108834e-01
8.494505494505495413e-01
8.218579234972677172e-01
8.285714285714285143e-01
8.494505494505494303e-01
8.759398496240602405e-01
8.419913419913419572e-01
9.300254452926208781e-01
8.810763888888888395e-01
8.517441860465115866e-01
8.406666666666665622e-01
8.787401574803149762e-01
8.692307692307692513e-01
9.511278195488721554e-01
8.411458333333332593e-01
8.866279069767442067e-01
8.498727735368957203e-01
9.054834054834054458e-01
8.229166666666667407e-01
8.579404466501240334e-01
8.811023622047243764e-01
8.643578643578643250e-01
8.890977443609021647e-01
8.080808080808081773e-01
8.318681318681317993e-01
8.424242424242424088e-01
8.725274725274724252e-01
9.333333333333333481e-01
8.538461538461538103e-01
8.658008658008657932e-01
8.720930232558139483e-01
8.724409448818897239e-01
8.395604395604395753e-01
8.727735368956742734e-01
8.662790697674418450e-01
8.384615384615384803e-01
7.994186046511628785e-01
8.151364764267989838e-01
7.935323383084575966e-01
9.296703296703296981e-01
7.936046511627906641e-01
8.395604395604395753e-01
8.084577114427861089e-01
8.458646616541353191e-01
8.532986111111111605e-01
8.725274725274725363e-01
8.314960629921259727e-01
8.676844783715013110e-01
8.236434108527131981e-01
8.923076923076923572e-01
8.546511627906976383e-01
8.384223918575063328e-01
8.486005089058524797e-01
7.810945273631841879e-01
8.697916666666666297e-01
8.060606060606060330e-01
8.251879699248120259e-01
8.212121212121211711e-01
8.268398268398268192e-01
8.879120879120878662e-01
