5.106060606060606188e-01
8.052325581395349818e-01
7.567829457364341206e-01
6.972010178117048484e-01
6.984732824427480891e-01
7.387152777777777901e-01
6.335877862595420407e-01
8.032945736434109474e-01
8.054945054945055194e-01
7.914862914862914600e-01
6.293402777777777901e-01
6.899224806201550431e-01
7.369337979094076063e-01
8.253333333333332522e-01
8.856589147286821895e-01
6.987847222222222099e-01
7.094488188976377785e-01
6.908914728682169493e-01
7.812500000000000000e-01
7.538759689922480689e-01
7.994186046511627675e-01
6.461538461538460787e-01
7.664728682170542928e-01
8.333333333333332593e-01
7.821180555555555802e-01
8.043956043956044244e-01
7.681818181818181879e-01
8.934108527131783273e-01
7.393700787401574770e-01
8.772727272727273151e-01
8.944020356234095859e-01
7.291666666666667407e-01
8.954545454545453920e-01
7.362204724409449064e-01
8.120155038759689914e-01
8.187984496124031120e-01
7.790697674418604057e-01
6.991341991341991635e-01
6.361323155216285219e-01
7.636476426799008177e-01
6.346153846153845812e-01
7.864583333333333703e-01
8.272569444444444198e-01
7.109375000000000000e-01
6.375968992248062239e-01
7.228682170542635177e-01
5.526315789473683626e-01
5.885416666666667407e-01
7.987012987012986898e-01
6.608527131782946373e-01
6.736111111111110494e-01
7.208791208791208716e-01
8.391472868217054737e-01
7.406593406593406925e-01
8.623693379790939861e-01
7.461538461538461675e-01
8.758241758241757102e-01
7.606060606060606188e-01
6.991341991341991635e-01
6.195928753180661719e-01
8.072916666666666297e-01
7.450549450549450725e-01
8.666666666666666963e-01
6.717557251908397031e-01
8.750000000000000000e-01
7.595419847328244156e-01
7.510822510822511289e-01
7.456692913385827293e-01
6.973684210526316374e-01
8.923076923076922462e-01
7.057291666666666297e-01
8.489583333333332593e-01
6.996527777777777901e-01
8.333333333333333703e-01
7.772727272727272263e-01
9.120879120879120672e-01
6.822916666666667407e-01
7.952755905511811330e-01
8.680555555555555802e-01
8.541666666666666297e-01
7.453102453102452563e-01
9.492481203007518964e-01
8.455988455988456831e-01
8.153846153846153744e-01
8.879120879120878662e-01
8.313953488372093359e-01
8.133680555555555802e-01
8.450549450549451613e-01
8.012152777777777901e-01
6.390977443609022757e-01
6.424936386768448360e-01
7.106060606060606855e-01
8.030303030303030942e-01
8.343023255813952765e-01
7.213740458015266421e-01
7.295285359801489955e-01
8.207364341085272574e-01
7.509689922480620172e-01
7.747252747252746374e-01
6.714285714285713746e-01
